DATA:
  data_dir: ./data
  max_left_len: 25
  max_right_len: 70
  plm: ../roberta-base
  sep_puncs: [',', ' ,', '?', ' ?', ';', ' ;', '.', ' .', '!', ' !', '</s>', '[SEP]']
  use_context: False
  use_eg_sent: True
  use_pos: False
MODEL:
  cat_method: cat_abs_dot
  dropout: 0.8
  embed_dim: 768
  first_last_avg: False
  num_classes: 2
  num_heads: 12
TRAIN:
  class_weight: 1
  lr: 5e-06
  output: ./data/logs1
  train_batch_size: 16
  train_epochs: 200
  val_batch_size: 32
  warmup_epochs: 2
eval_mode: False
gpu: 0
log: mohx
seed: 4
./data\MOH-X/g_MOH-X.csv finished, the max target is 14
******************** training on fold #1 ********************
===== Start training: epoch 1 =====
tensor([[0.1677, 1.7096],
        [0.1281, 1.2354],
        [0.5866, 2.1753],
        [0.4058, 1.7513],
        [1.1923, 1.1051],
        [0.9017, 1.1061],
        [0.6191, 2.0137],
        [0.7003, 0.8650],
        [0.4495, 0.7016],
        [1.9961, 1.5255],
        [0.4862, 0.9739],
        [0.5309, 0.9773],
        [0.4823, 1.3742],
        [0.1049, 1.3750],
        [0.2447, 0.8300],
        [1.5703, 1.8220]], device='cuda:0', grad_fn=<AbsBackward0>)
tensor([[0.1202, 2.1147],
        [0.7546, 0.0998],
        [0.4658, 1.0400],
        [0.7791, 0.8824],
        [0.4097, 0.5540],
        [0.7583, 1.6843],
        [0.6803, 0.7014],
        [0.1377, 0.5288],
        [1.0392, 2.0089],
        [0.1727, 0.8201],
        [0.1226, 1.1363],
        [0.7461, 0.1605],
        [0.5157, 0.8807],
        [1.2722, 1.9517],
        [0.6598, 1.2328],
        [0.1587, 0.4581]], device='cuda:0', grad_fn=<AbsBackward0>)
tensor([[1.1329, 0.6312],
        [1.2396, 0.7418],
        [0.2466, 0.7841],
        [0.3022, 1.1565],
        [0.5761, 0.8022],
        [2.9748, 1.0329],
        [1.1469, 1.6211],
        [0.2796, 1.2176],
        [0.2741, 0.6336],
        [0.3759, 0.6234],
        [0.2113, 0.4080],
        [0.8420, 0.7993],
        [0.9724, 1.0145],
        [0.4854, 0.5184],
        [0.7187, 0.4622],
        [0.2350, 0.5786]], device='cuda:0', grad_fn=<AbsBackward0>)
tensor([[0.3158, 0.7334],
        [0.7267, 1.1865],
        [0.8772, 1.0601],
        [1.3613, 1.7238],
        [0.1183, 0.4077],
        [2.1033, 1.3565],
        [1.2906, 2.1131],
        [0.2665, 1.3860],
        [0.8168, 1.0339],
        [0.3146, 0.9661],
        [0.3800, 0.5878],
        [0.8756, 0.1850],
        [0.2012, 0.5780],
        [0.4430, 0.2151],
        [0.1527, 0.5255],
        [0.4767, 0.6915]], device='cuda:0', grad_fn=<AbsBackward0>)
tensor([[1.1614, 1.9490],
        [0.4599, 0.8384],
        [0.4462, 0.6347],
        [0.6093, 0.8718],
        [0.8794, 0.9307],
        [0.9234, 0.2719],
        [0.5387, 0.8153],
        [0.7312, 0.8682],
        [0.6096, 0.7585],
        [1.1884, 0.6775],
        [0.7440, 1.3709],
        [0.5411, 1.4444],
        [0.5251, 3.0463],
        [0.3476, 0.8138],
        [1.5720, 1.0223],
        [1.0218, 0.6491]], device='cuda:0', grad_fn=<AbsBackward0>)
tensor([[0.9175, 1.0475],
        [0.4356, 0.2211],
        [0.2670, 1.0212],
        [0.5559, 0.9452],
        [0.8197, 0.1227],
        [0.7365, 0.6886],
        [0.9785, 1.0416],
        [0.1158, 0.6374],
        [0.4237, 2.5386],
        [1.1178, 0.4463],
        [0.8369, 0.7675],
        [1.7139, 1.4421],
        [0.4112, 2.7802],
        [0.2081, 0.8790],
        [0.7190, 0.4392],
        [0.4927, 0.9879]], device='cuda:0', grad_fn=<AbsBackward0>)
tensor([[0.3338, 0.8699],
        [1.5580, 1.4423],
        [0.6098, 0.6374],
        [0.8190, 0.7731],
        [0.3175, 0.5113],
        [0.3937, 0.5804],
        [0.4997, 0.3335],
        [0.8625, 0.2052],
        [0.8046, 0.7228],
        [1.3118, 1.2346],
        [0.4617, 0.9429],
        [1.2775, 0.7413],
        [0.1469, 1.6395],
        [1.7967, 1.3041],
        [1.6357, 1.9841],
        [0.6086, 0.1328]], device='cuda:0', grad_fn=<AbsBackward0>)
tensor([[0.6089, 0.1216],
        [0.4580, 0.0402],
        [1.2939, 1.1377],
        [0.6571, 0.3940],
        [0.2718, 1.0531],
        [0.3788, 0.5044],
        [0.4835, 1.0139],
        [1.7992, 2.1332],
        [1.6574, 0.9258],
        [0.5674, 0.5486],
        [1.7011, 1.9934],
        [0.2526, 1.2059],
        [0.2165, 0.3999],
        [0.7522, 0.2366],
        [0.9618, 0.4671],
        [0.2789, 0.3424]], device='cuda:0', grad_fn=<AbsBackward0>)
tensor([[0.5981, 0.6382],
        [0.6110, 0.4796],
        [0.6006, 1.1189],
        [1.0843, 0.3129],
        [0.4356, 0.5798],
        [0.6235, 0.3441],
        [1.0741, 1.4214],
        [1.3799, 1.1035],
        [0.8083, 0.1206],
        [0.1539, 0.8233],
        [0.5098, 0.4448],
        [0.5663, 0.7840],
        [1.2821, 0.9517],
        [1.1960, 0.8650],
        [0.8421, 0.3281],
        [2.1860, 1.6546]], device='cuda:0', grad_fn=<AbsBackward0>)
tensor([[1.2435, 0.8064],
        [1.1581, 0.3821],
        [0.7903, 0.8629],
        [0.8114, 0.0650],
        [0.5423, 0.5247],
        [1.0903, 0.6632],
        [0.9356, 0.3656],
        [0.6257, 0.8028],
        [0.0457, 1.2479],
        [0.8380, 0.1029],
        [0.8379, 0.4078],
        [0.9958, 1.2707],
        [1.0851, 0.5446],
        [0.9445, 0.2541],
        [1.9181, 1.0273],
        [1.5366, 0.5565]], device='cuda:0', grad_fn=<AbsBackward0>)
tensor([[1.0147, 1.5670],
        [0.7865, 0.5032],
        [0.5025, 0.9935],
        [0.6090, 1.8424],
        [0.8166, 0.1842],
        [0.4511, 0.6401],
        [0.9210, 0.3337],
        [0.3910, 0.2982],
        [0.9890, 0.0874],
        [1.0602, 1.3207],
        [1.5162, 0.5443],
        [1.0863, 1.2461],
        [0.7008, 0.4802],
        [0.5574, 0.5605],
        [0.9138, 1.0733],
        [1.2612, 0.3974]], device='cuda:0', grad_fn=<AbsBackward0>)
tensor([[1.4063, 1.2748],
        [0.3341, 0.1651],
        [1.3872, 1.5686],
        [1.1554, 0.8410],
        [0.8197, 1.1815],
        [0.9449, 0.1509],
        [0.2325, 0.7905],
        [0.8311, 0.1983],
        [1.4629, 0.9654],
        [0.9209, 0.5546],
        [0.8533, 0.2859],
        [0.3716, 0.8876],
        [0.6663, 0.2856],
        [0.8832, 1.0426],
        [0.6509, 0.2605],
        [1.2837, 0.8827]], device='cuda:0', grad_fn=<AbsBackward0>)
tensor([[0.6196, 0.5212],
        [0.6743, 1.6941],
        [0.9913, 0.5460],
        [0.7565, 0.7982],
        [0.7178, 0.4346],
        [0.7135, 0.3715],
        [1.1587, 0.4608],
        [1.1128, 0.8010],
        [0.7911, 0.3857],
        [0.7474, 0.5312],
        [0.5956, 1.5082],
        [1.2017, 1.3707],
        [0.8987, 0.1804],
        [1.0117, 0.5479],
        [0.7118, 0.1372],
        [1.3613, 1.4209]], device='cuda:0', grad_fn=<AbsBackward0>)
tensor([[0.6398, 0.6675],
        [0.5283, 0.3631],
        [0.6320, 0.5199],
        [0.2838, 0.7335],
        [1.4788, 0.7809],
        [1.2563, 0.7272],
        [0.6001, 0.3559],
        [0.7647, 1.2765],
        [0.3079, 0.4080],
        [1.0331, 0.3558],
        [1.1301, 0.3224],
        [1.1378, 1.5106],
        [0.9097, 1.2753],
        [0.5404, 0.9515],
        [1.2899, 0.5158],
        [0.6047, 0.3688]], device='cuda:0', grad_fn=<AbsBackward0>)
tensor([[1.9069, 0.3469],
        [0.3267, 0.5658],
        [0.6089, 0.0483],
        [0.6391, 0.6616],
        [0.3390, 1.0949],
        [0.8039, 0.3624],
        [0.8240, 0.1299],
        [0.5763, 0.7122],
        [0.9726, 1.3122],
        [0.3609, 0.4690],
        [1.3136, 2.2714],
        [0.9390, 0.5391],
        [0.6713, 0.2065],
        [0.6004, 0.6466],
        [0.9080, 0.7811],
        [1.2082, 0.9090]], device='cuda:0', grad_fn=<AbsBackward0>)
tensor([[1.0998, 0.1725],
        [0.7968, 0.8234],
        [0.8913, 0.7163],
        [0.5966, 0.0520],
        [1.4366, 0.4472],
        [0.3533, 0.4414],
        [1.7510, 1.1583],
        [1.0206, 0.9769],
        [1.9123, 1.0264],
        [1.1391, 0.4129],
        [0.5247, 1.2674],
        [0.4807, 0.0576],
        [0.9520, 0.1712],
        [0.5374, 0.4220],
        [0.9902, 0.6542],
        [0.4310, 0.7529]], device='cuda:0', grad_fn=<AbsBackward0>)
tensor([[0.7304, 1.3149],
        [1.1740, 1.0070],
        [1.2386, 1.0996],
        [1.0480, 0.4718],
        [1.1945, 0.5792],
        [1.3578, 1.0136],
        [0.9270, 0.5337],
        [1.0818, 0.8346],
        [0.5346, 0.6291],
        [0.6341, 0.4039],
        [1.1279, 1.1756],
        [0.6244, 0.3804],
        [0.7989, 0.1797],
        [0.5498, 0.4646],
        [0.8345, 0.3478],
        [0.6491, 0.5877]], device='cuda:0', grad_fn=<AbsBackward0>)
tensor([[1.0262, 0.3816],
        [1.5037, 1.0647],
        [0.3139, 0.3873],
        [0.7265, 0.6528],
        [1.0004, 0.5177],
        [0.9643, 0.3807],
        [0.6785, 0.4527],
        [1.0883, 0.7419],
        [1.2116, 1.5570],
        [0.9039, 1.0420],
        [0.7694, 0.6515],
        [0.6430, 0.7896],
        [1.2475, 0.3859],
        [0.9374, 0.6842],
        [1.2347, 0.3540],
        [1.0339, 0.6048]], device='cuda:0', grad_fn=<AbsBackward0>)
tensor([[1.0039, 1.8119],
        [0.7619, 0.6475],
        [1.8583, 2.3081],
        [1.5904, 1.4310],
        [0.9164, 0.7643],
        [1.1316, 1.3957],
        [0.8447, 0.8105],
        [0.8337, 1.5184],
        [0.6797, 0.9310],
        [1.6601, 0.9284],
        [0.2661, 0.6101],
        [0.6678, 0.8048],
        [0.7998, 0.9402],
        [0.5595, 0.2379],
        [1.0209, 1.4519],
        [0.6286, 0.4188]], device='cuda:0', grad_fn=<AbsBackward0>)
tensor([[1.1224, 1.0130],
        [1.0211, 0.7912],
        [0.8822, 0.6235],
        [1.1060, 0.9497],
        [0.9243, 0.3152],
        [0.4138, 0.8193],
        [0.2566, 0.4490],
        [0.5268, 1.2074],
        [0.4025, 0.2020],
        [0.9686, 0.9850],
        [0.8002, 0.5190],
        [1.4243, 0.6578],
        [0.4380, 0.8888],
        [0.2227, 0.4209],
        [0.3864, 0.5722],
        [0.7548, 1.0734]], device='cuda:0', grad_fn=<AbsBackward0>)
tensor([[1.3695, 1.4862],
        [0.5766, 0.4255],
        [0.3623, 0.6617],
        [0.9682, 1.5224],
        [1.3081, 2.0887],
        [0.8077, 0.9530],
        [1.3019, 0.6592],
        [1.0434, 1.0367],
        [0.5890, 1.2312],
        [0.5688, 0.5432],
        [0.8342, 1.5877],
        [0.9419, 0.8840],
        [0.7603, 0.8120],
        [0.5689, 0.6902],
        [0.8444, 0.7264],
        [0.4234, 0.2439]], device='cuda:0', grad_fn=<AbsBackward0>)
tensor([[0.8534, 1.1257],
        [1.8383, 1.7332],
        [1.2555, 0.4015],
        [1.2222, 0.7555],
        [0.3445, 1.1523],
        [0.9685, 0.9651],
        [1.0805, 0.5948],
        [1.0181, 0.7881],
        [1.1766, 1.3782],
        [0.6316, 0.4118],
        [1.0147, 0.8643],
        [0.8335, 0.4955],
        [0.8219, 0.6240],
        [0.5358, 0.9326],
        [0.2730, 0.9528],
        [0.8418, 0.6768]], device='cuda:0', grad_fn=<AbsBackward0>)
tensor([[0.9882, 0.8305],
        [0.9085, 0.4607],
        [0.7604, 0.6671],
        [1.4748, 0.3543],
        [1.2264, 2.1927],
        [0.9459, 0.7015],
        [1.4538, 0.6555],
        [1.2588, 1.2115],
        [1.6105, 0.3788],
        [0.5777, 0.4499],
        [1.0521, 0.5004],
        [1.3144, 0.6477],
        [1.2573, 2.5213],
        [1.2728, 1.2087],
        [0.8981, 1.1381],
        [1.3569, 0.5740]], device='cuda:0', grad_fn=<AbsBackward0>)
tensor([[0.9361, 1.1544],
        [1.1934, 1.0635],
        [0.9328, 2.6893],
        [1.4135, 0.9727],
        [1.2675, 0.6558],
        [1.6665, 0.7131],
        [1.1799, 1.4681],
        [1.2065, 1.3886],
        [1.4599, 1.2049],
        [1.4817, 0.6639],
        [0.9549, 1.0149],
        [1.4193, 0.7788],
        [0.8611, 1.3516],
        [0.8433, 0.2841],
        [0.8909, 0.4102],
        [1.0076, 0.5606]], device='cuda:0', grad_fn=<AbsBackward0>)
tensor([[0.8520, 0.7560],
        [0.9163, 0.8529],
        [1.3508, 0.5193],
        [0.5726, 0.6195],
        [0.6297, 1.2954],
        [0.9943, 0.6993],
        [1.1088, 0.4687],
        [0.4661, 0.7966],
        [1.2300, 0.9415],
        [1.6220, 0.4740],
        [1.1866, 1.3292],
        [0.9175, 1.1451],
        [1.1330, 1.0270],
        [0.8498, 0.8784],
        [1.4233, 0.5440],
        [0.8155, 0.6944]], device='cuda:0', grad_fn=<AbsBackward0>)
tensor([[1.7695, 1.1667],
        [0.9010, 0.4358],
        [0.8578, 0.4143],
        [0.4568, 1.2961],
        [1.8907, 1.2714],
        [1.0259, 1.2966],
        [0.7003, 1.1980],
        [0.2058, 0.6408],
        [0.7430, 0.5252],
        [0.7870, 1.0531],
        [0.6295, 0.3125],
        [1.0482, 1.3024],
        [0.8618, 0.3706],
        [0.5460, 1.1884],
        [0.8082, 0.5498],
        [0.8453, 1.5645]], device='cuda:0', grad_fn=<AbsBackward0>)
tensor([[1.0174, 1.2866],
        [0.7192, 1.2306],
        [0.8582, 0.8829],
        [0.7807, 0.9723],
        [0.9883, 1.6566],
        [1.2324, 1.7770],
        [0.6535, 0.8470],
        [0.6594, 0.5846],
        [0.9940, 0.2054],
        [2.5942, 1.6215],
        [0.6629, 1.0195],
        [0.8002, 0.2354],
        [1.3169, 0.8784],
        [0.7735, 0.4408],
        [1.1774, 1.0260],
        [1.1063, 1.5017]], device='cuda:0', grad_fn=<AbsBackward0>)
tensor([[0.2769, 1.4682],
        [1.1430, 0.7481],
        [1.3103, 1.4580],
        [1.0181, 1.0894],
        [1.1803, 1.2751],
        [0.5615, 0.5721],
        [0.7198, 0.5539],
        [0.6320, 0.9061],
        [0.6511, 1.3927],
        [1.3295, 2.4554],
        [0.9238, 0.7405],
        [0.7533, 1.2511],
        [0.9316, 1.0001],
        [1.2032, 1.3333],
        [0.6926, 0.9651],
        [0.7406, 0.9580]], device='cuda:0', grad_fn=<AbsBackward0>)
tensor([[1.0399, 1.5415],
        [0.7346, 1.4959],
        [0.5574, 0.9465],
        [0.6517, 0.2238],
        [0.8905, 1.0145],
        [0.3708, 1.0930],
        [1.0645, 0.7874],
        [1.3589, 1.2015],
        [0.5210, 1.4551],
        [0.9194, 0.3673],
        [1.0853, 1.1075],
        [1.4128, 0.9016],
        [0.4204, 1.0226],
        [0.9596, 0.8969],
        [0.9202, 2.0726],
        [1.3765, 2.1057]], device='cuda:0', grad_fn=<AbsBackward0>)
tensor([[0.4187, 0.8474],
        [0.6783, 0.7229],
        [0.9937, 0.6482],
        [0.3027, 0.7306],
        [1.1159, 0.7749],
        [1.0052, 1.4070],
        [0.8965, 1.0783],
        [1.0258, 1.0748],
        [0.8233, 0.8067],
        [0.9195, 0.8166],
        [0.8247, 1.1973],
        [1.1875, 2.0951],
        [0.7875, 0.5933],
        [1.2087, 0.9549],
        [0.9235, 1.2611],
        [1.1472, 1.8181]], device='cuda:0', grad_fn=<AbsBackward0>)
tensor([[1.1676, 1.4909],
        [0.9163, 0.9411],
        [0.8757, 1.1272],
        [1.0078, 0.6972],
        [1.2118, 1.4550],
        [0.8442, 1.3388],
        [0.9104, 1.3786],
        [1.2095, 1.3355],
        [1.0657, 0.5099],
        [0.7467, 1.1344],
        [1.0008, 1.2938],
        [0.9295, 0.9759],
        [1.2731, 2.0306],
        [1.3261, 0.9933],
        [1.6624, 1.5087],
        [0.8206, 0.6262]], device='cuda:0', grad_fn=<AbsBackward0>)
tensor([[1.1795, 1.7307],
        [1.4539, 1.5737],
        [1.1205, 1.2475],
        [1.3535, 2.3008],
        [1.0056, 1.5999],
        [1.0874, 0.3695],
        [0.9455, 1.0660],
        [1.0307, 1.1635],
        [1.0790, 1.9873],
        [1.2094, 1.0352],
        [0.9978, 0.9337],
        [0.2379, 0.6651],
        [1.1421, 1.7456],
        [0.9522, 0.8395],
        [1.6061, 1.9724],
        [1.0546, 0.8465]], device='cuda:0', grad_fn=<AbsBackward0>)
tensor([[1.3074, 0.9253],
        [0.9290, 1.5840],
        [1.1492, 2.1132],
        [1.0293, 0.3486],
        [1.0188, 0.6339],
        [0.7102, 1.2939],
        [1.4820, 0.7473],
        [1.0871, 1.8722],
        [1.0784, 0.6787],
        [0.9555, 0.3849],
        [1.0953, 0.6996],
        [0.9822, 1.6351],
        [1.0796, 0.5319],
        [1.0839, 2.1155],
        [1.0047, 1.3652],
        [0.9895, 1.3701]], device='cuda:0', grad_fn=<AbsBackward0>)
tensor([[1.1102, 1.8467],
        [1.0152, 0.7992],
        [1.2220, 1.1987],
        [0.7033, 0.9553],
        [0.6614, 1.0969],
        [1.0664, 0.7955],
        [1.1550, 0.4908],
        [1.1427, 0.7151],
        [0.6838, 0.8467],
        [0.7786, 0.8790],
        [1.2880, 0.6300],
        [0.9079, 0.6280],
        [1.0118, 1.5791],
        [0.6646, 1.2307],
        [0.9999, 2.0331],
        [1.0050, 1.9338]], device='cuda:0', grad_fn=<AbsBackward0>)
tensor([[1.1559, 0.8843],
        [1.0780, 1.0395],
        [0.8088, 0.6444],
        [1.0947, 0.4936],
        [1.0759, 1.6836],
        [0.9114, 1.2813],
        [1.2859, 0.9980],
        [0.9631, 1.0126],
        [0.5888, 1.0609],
        [1.3499, 1.3374],
        [1.0453, 0.3578],
        [0.8002, 2.4508],
        [0.9076, 2.0113],
        [1.0312, 0.7396],
        [0.7164, 1.2536],
        [0.2312, 0.8933]], device='cuda:0', grad_fn=<AbsBackward0>)
tensor([[1.7632, 1.1236],
        [1.1933, 1.0370],
        [1.5482, 1.1030],
        [0.8126, 0.8896],
        [1.0798, 1.1306],
        [1.0772, 0.6328],
        [0.8308, 1.0812],
        [0.4404, 1.3464],
        [0.9453, 0.9893],
        [1.5195, 1.7701],
        [0.6270, 1.1507],
        [0.9630, 1.0742],
        [1.5218, 0.8532],
        [1.1759, 1.1495],
        [1.0359, 0.4522],
        [1.5333, 0.8423]], device='cuda:0', grad_fn=<AbsBackward0>)
tensor([[1.0844, 0.4401],
        [1.3988, 1.5063],
        [1.4755, 1.0278],
        [1.1144, 1.1625],
        [1.3374, 1.0754],
        [1.4709, 1.3833],
        [1.5623, 0.5490]], device='cuda:0', grad_fn=<AbsBackward0>)
Timing: 16.206515073776245, Epoch: 1, training loss: 299.7653875350952, current learning rate 5e-06, 5e-06
tensor([[0.8205, 0.7104],
        [0.8927, 0.7145],
        [0.9004, 0.4307],
        [0.9277, 0.9888],
        [1.1106, 0.4856],
        [0.8845, 0.2559],
        [0.8490, 0.8212],
        [0.8522, 0.9027],
        [0.9490, 0.5418],
        [1.2484, 1.1409],
        [1.0778, 1.2556],
        [0.7626, 0.7223],
        [1.1043, 0.7059],
        [1.3476, 0.6760],
        [0.9449, 1.1207],
        [1.1995, 0.6691],
        [0.9206, 0.8649],
        [1.1916, 0.8028],
        [1.1599, 1.1638],
        [1.1971, 0.9913],
        [1.2383, 1.0037],
        [0.8205, 1.0544],
        [0.9049, 1.3120],
        [0.9002, 0.2913],
        [0.7004, 0.4617],
        [1.0446, 0.9206],
        [1.2922, 0.7913],
        [0.7330, 0.9093],
        [1.1663, 0.7474],
        [1.2401, 0.8693],
        [1.2862, 0.7523],
        [0.9970, 0.6271]], device='cuda:0')
tensor([[1.1322, 0.5763],
        [1.0633, 0.8318],
        [1.1979, 0.5316],
        [1.0333, 0.6158],
        [1.0303, 0.8652],
        [1.1304, 1.1708],
        [0.5905, 0.7531],
        [0.9328, 0.8274],
        [1.0527, 1.0959],
        [0.9454, 1.0158],
        [0.9505, 0.5048],
        [0.9641, 0.6144],
        [0.7766, 0.8763],
        [0.9606, 0.6028],
        [0.9791, 1.3540],
        [1.1136, 0.9401],
        [0.8564, 1.3408],
        [1.0104, 1.0317],
        [1.0384, 1.5705],
        [1.1592, 0.9172],
        [0.6301, 0.8716],
        [1.0876, 0.4299],
        [0.7845, 0.7825],
        [0.9743, 0.5270],
        [0.9354, 0.5111],
        [1.1092, 0.5330],
        [0.8869, 0.4313],
        [0.6857, 0.8195],
        [1.4293, 1.1417],
        [0.8455, 0.7870],
        [1.2116, 0.7808],
        [0.9447, 0.8682]], device='cuda:0')
accuracy:      0.484
precision:     0.474
recall:        0.281
f1:            0.353
===== Start training: epoch 2 =====
tensor([[0.0783, 1.0798],
        [1.6652, 0.4305],
        [0.0532, 0.9378],
        [0.8662, 0.7336],
        [0.5487, 0.8446],
        [0.2046, 1.1804],
        [0.4299, 1.3114],
        [1.0555, 0.7985],
        [0.9882, 1.4309],
        [1.2622, 1.0982],
        [1.3233, 1.2198],
        [1.0751, 0.7935],
        [1.0194, 0.9149],
        [0.9556, 1.0966],
        [0.6634, 1.2636],
        [1.0918, 0.3069]], device='cuda:0', grad_fn=<AbsBackward0>)
tensor([[1.2960, 0.7784],
        [1.0891, 2.1077],
        [1.2866, 1.3802],
        [1.1329, 0.7606],
        [1.2587, 1.8091],
        [1.0331, 1.2622],
        [1.5863, 1.2177],
        [1.4724, 1.1351],
        [1.0708, 1.4737],
        [1.3050, 0.9287],
        [1.3212, 1.3766],
        [1.5639, 1.8440],
        [1.5629, 1.1960],
        [1.0193, 0.9194],
        [1.3088, 0.5363],
        [1.9062, 0.7796]], device='cuda:0', grad_fn=<AbsBackward0>)
tensor([[1.0088, 0.8614],
        [1.1522, 0.3520],
        [1.5080, 1.6830],
        [1.5269, 1.1278],
        [1.3364, 0.7147],
        [1.3334, 0.6965],
        [1.2590, 1.2716],
        [0.6981, 0.5896],
        [1.0721, 0.4474],
        [1.3183, 0.7015],
        [0.8700, 0.9838],
        [1.6031, 1.1090],
        [1.0382, 1.3015],
        [0.4884, 1.2221],
        [1.0957, 1.0493],
        [1.3216, 0.8088]], device='cuda:0', grad_fn=<AbsBackward0>)
tensor([[1.1164, 1.1347],
        [1.5737, 1.3931],
        [1.3228, 1.0409],
        [1.5595, 0.4116],
        [0.7181, 0.8999],
        [1.2010, 0.3349],
        [1.6381, 1.1362],
        [1.2743, 0.6143],
        [1.1584, 2.2854],
        [1.1222, 1.0280],
        [1.5379, 0.7783],
        [1.3373, 0.9255],
        [1.6470, 1.3634],
        [1.2318, 0.7893],
        [1.4997, 0.8687],
        [1.0952, 0.8433]], device='cuda:0', grad_fn=<AbsBackward0>)
tensor([[1.4072, 1.6287],
        [0.5075, 1.1166],
        [1.6850, 1.0253],
        [1.1638, 0.6275],
        [1.3356, 0.4666],
        [1.1601, 0.5855],
        [1.0968, 0.4602],
        [1.1297, 0.2482],
        [1.6151, 0.8248],
        [1.7045, 0.7326],
        [1.3564, 0.8579],
        [1.1815, 1.9012],
        [1.1401, 0.4456],
        [1.3521, 0.5429],
        [1.4026, 0.7480],
        [1.7912, 1.7891]], device='cuda:0', grad_fn=<AbsBackward0>)
tensor([[1.3081, 0.8758],
        [1.2516, 0.4843],
        [1.2328, 2.0102],
        [1.3809, 1.0670],
        [1.6423, 1.0698],
        [0.8778, 0.8942],
        [1.4385, 0.6413],
        [1.4141, 1.0906],
        [1.5979, 0.9759],
        [1.3151, 0.8461],
        [1.6236, 0.1855],
        [1.2085, 0.6159],
        [1.1435, 1.1427],
        [0.3111, 1.4170],
        [1.0515, 0.9767],
        [1.2245, 0.4679]], device='cuda:0', grad_fn=<AbsBackward0>)
tensor([[1.8787, 1.3161],
        [1.5110, 0.7111],
        [1.5214, 1.1072],
        [1.3274, 0.9724],
        [1.5341, 0.5221],
        [1.5395, 0.8230],
        [1.5781, 0.9848],
        [1.6562, 0.8652],
        [1.2749, 1.1235],
        [1.9027, 1.8159],
        [1.6426, 0.7390],
        [1.2290, 0.5111],
        [1.3162, 0.3781],
        [1.4842, 0.5466],
        [1.6056, 0.9435],
        [1.1381, 0.8907]], device='cuda:0', grad_fn=<AbsBackward0>)
tensor([[1.5727, 0.7633],
        [1.3840, 0.8996],
        [1.0848, 0.1865],
        [1.4722, 0.2592],
        [0.8157, 0.1772],
        [1.1826, 0.7044],
        [1.0512, 0.9571],
        [1.3790, 1.1863],
        [0.4652, 0.9208],
        [1.3552, 0.6818],
        [1.4785, 0.6643],
        [1.5692, 0.8404],
        [1.8411, 1.1727],
        [0.5492, 0.0313],
        [1.6002, 1.6155],
        [1.7791, 0.9720]], device='cuda:0', grad_fn=<AbsBackward0>)
tensor([[1.4613, 0.9517],
        [1.2781, 0.6620],
        [1.1683, 0.9827],
        [1.0057, 0.6707],
        [1.0633, 1.3652],
        [0.8797, 0.3704],
        [1.2282, 2.0492],
        [1.4229, 0.8618],
        [1.3645, 1.3363],
        [1.4003, 1.1293],
        [0.9048, 0.5323],
        [1.5007, 1.4196],
        [1.1758, 0.8284],
        [1.6320, 1.6113],
        [1.1599, 0.6918],
        [1.2799, 0.4417]], device='cuda:0', grad_fn=<AbsBackward0>)
tensor([[1.7087, 0.9731],
        [1.3022, 1.0392],
        [1.6802, 1.1473],
        [1.3766, 0.8169],
        [1.7487, 1.6375],
        [1.4777, 1.7991],
        [1.9741, 1.0073],
        [1.3117, 0.6907],
        [1.6324, 0.9266],
        [1.4559, 0.6140],
        [1.6080, 0.8846],
        [1.5648, 1.8276],
        [1.2177, 0.9022],
        [1.5103, 0.9429],
        [1.0626, 0.6313],
        [1.7253, 1.7528]], device='cuda:0', grad_fn=<AbsBackward0>)
tensor([[1.6403, 1.1881],
        [1.6810, 0.7685],
        [1.5473, 1.6816],
        [1.4747, 0.6452],
        [1.6435, 1.6811],
        [1.4281, 0.9565],
        [1.3536, 0.4741],
        [1.2128, 0.8747],
        [1.3763, 0.4643],
        [0.8458, 0.8597],
        [1.5790, 0.7856],
        [1.9445, 1.6449],
        [1.3428, 1.3679],
        [1.3875, 1.0783],
        [1.6133, 1.8389],
        [1.0073, 0.5593]], device='cuda:0', grad_fn=<AbsBackward0>)
tensor([[0.9007, 1.1573],
        [1.4452, 1.1638],
        [0.8045, 0.9582],
        [1.3296, 0.8380],
        [1.4822, 1.1396],
        [1.5832, 1.3299],
        [1.2792, 0.6988],
        [1.1899, 0.8225],
        [1.4108, 1.3118],
        [1.2694, 0.7323],
        [0.6043, 0.9811],
        [1.4154, 1.3971],
        [1.0359, 0.3394],
        [1.2051, 1.0188],
        [1.5011, 1.4558],
        [1.7216, 1.4232]], device='cuda:0', grad_fn=<AbsBackward0>)
tensor([[1.2459, 1.8388],
        [0.9277, 0.5317],
        [1.0834, 0.8576],
        [0.5403, 0.3804],
        [1.1905, 0.2535],
        [0.9714, 0.8470],
        [1.5937, 0.5226],
        [0.8654, 1.0683],
        [1.2660, 0.7519],
        [1.1527, 0.9922],
        [0.9715, 0.7987],
        [0.3756, 1.4527],
        [0.2984, 1.3633],
        [1.3796, 0.7074],
        [0.9405, 1.1455],
        [1.3028, 1.2402]], device='cuda:0', grad_fn=<AbsBackward0>)
tensor([[0.9824, 1.2447],
        [0.9359, 1.0964],
        [1.4198, 1.2030],
        [1.4046, 1.0665],
        [1.1441, 1.1252],
        [0.8246, 1.3802],
        [0.7691, 1.3890],
        [1.4206, 1.6540],
        [2.4866, 1.4756],
        [1.5500, 1.7506],
        [1.4328, 0.6209],
        [1.3236, 1.4454],
        [1.5333, 0.6425],
        [0.8198, 1.2309],
        [1.5458, 1.2702],
        [1.7069, 1.4481]], device='cuda:0', grad_fn=<AbsBackward0>)
tensor([[1.3368, 1.0066],
        [1.3428, 1.7720],
        [1.3658, 1.0387],
        [1.3506, 1.6071],
        [1.2533, 1.3503],
        [1.3131, 0.8500],
        [1.7119, 0.8527],
        [1.2005, 0.7692],
        [0.0234, 1.3626],
        [1.0445, 1.3365],
        [1.2637, 0.7873],
        [1.9813, 1.1182],
        [1.5831, 1.2882],
        [1.8611, 1.3593],
        [1.2174, 0.8209],
        [1.3069, 1.4480]], device='cuda:0', grad_fn=<AbsBackward0>)
tensor([[0.1295, 0.8716],
        [1.5174, 0.7120],
        [1.5130, 1.5710],
        [1.4033, 1.6874],
        [0.6778, 1.7199],
        [1.0813, 1.1537],
        [1.1098, 0.6399],
        [0.8543, 0.9049],
        [0.9384, 1.0403],
        [1.1112, 0.9097],
        [1.1218, 0.9061],
        [1.1500, 1.2051],
        [0.9923, 1.2574],
        [1.3404, 1.4822],
        [0.9189, 1.5029],
        [0.5776, 1.3744]], device='cuda:0', grad_fn=<AbsBackward0>)
tensor([[1.6484, 1.5374],
        [0.1002, 1.0983],
        [1.0727, 1.5807],
        [1.5689, 1.3650],
        [1.3518, 1.3696],
        [0.9751, 1.6602],
        [1.1156, 1.5686],
        [1.2025, 0.8067],
        [0.9594, 0.9608],
        [1.0369, 1.2922],
        [1.5948, 1.6995],
        [1.4525, 0.8093],
        [1.2581, 1.3937],
        [1.4162, 1.4666],
        [1.8501, 1.8727],
        [1.0470, 1.7835]], device='cuda:0', grad_fn=<AbsBackward0>)
tensor([[1.9081, 0.6892],
        [1.8802, 0.5003],
        [1.4268, 1.5887],
        [1.1799, 1.6793],
        [1.4515, 1.5729],
        [1.6106, 1.5649],
        [1.3530, 1.4479],
        [2.2904, 1.1627],
        [1.5462, 1.4636],
        [1.2597, 1.6949],
        [1.9853, 1.1956],
        [1.1732, 1.0977],
        [1.2919, 1.2482],
        [1.4103, 1.8100],
        [1.6637, 1.5979],
        [1.5106, 1.8377]], device='cuda:0', grad_fn=<AbsBackward0>)
tensor([[1.5028, 0.3517],
        [2.1459, 1.7402],
        [1.5780, 1.1537],
        [1.5738, 1.9325],
        [1.3900, 1.6704],
        [1.4845, 1.2719],
        [2.6548, 1.7508],
        [0.4390, 1.6307],
        [1.1110, 1.8698],
        [1.3436, 0.3195],
        [1.0763, 0.7558],
        [1.3745, 1.7341],
        [1.5886, 1.2398],
        [1.3805, 1.9918],
        [0.8865, 1.0491],
        [1.5434, 1.6176]], device='cuda:0', grad_fn=<AbsBackward0>)
tensor([[1.4797, 1.8528],
        [0.9202, 1.2302],
        [1.4240, 1.1123],
        [0.5952, 1.2217],
        [1.1000, 0.8265],
        [1.2122, 1.1457],
        [1.1358, 1.1303],
        [1.5065, 0.5949],
        [1.4049, 1.0297],
        [2.5342, 0.7242],
        [1.3391, 1.8205],
        [1.6619, 1.2574],
        [1.2636, 1.4196],
        [1.4244, 1.4397],
        [1.4584, 1.3637],
        [1.2742, 0.9894]], device='cuda:0', grad_fn=<AbsBackward0>)
tensor([[1.1230, 0.4963],
        [0.8332, 1.4114],
        [1.3392, 0.9938],
        [2.3028, 0.6932],
        [1.1245, 1.9244],
        [1.2425, 1.3622],
        [1.7007, 1.0681],
        [1.3857, 0.8072],
        [1.2037, 1.3378],
        [1.1682, 2.0716],
        [0.6033, 2.1185],
        [1.5429, 1.5505],
        [1.0920, 0.8166],
        [1.2591, 0.8233],
        [1.4934, 1.1410],
        [1.7260, 1.2036]], device='cuda:0', grad_fn=<AbsBackward0>)
tensor([[0.9795, 0.6986],
        [1.5648, 1.2096],
        [1.5232, 1.2580],
        [1.0597, 0.6827],
        [1.3029, 1.3980],
        [1.6682, 1.5182],
        [1.7584, 1.9484],
        [1.6412, 1.4647],
        [1.5639, 1.2402],
        [1.8158, 1.5443],
        [1.2124, 1.1190],
        [2.0051, 1.6986],
        [1.7684, 1.7846],
        [1.1520, 1.2769],
        [1.4035, 1.4482],
        [0.6943, 1.6187]], device='cuda:0', grad_fn=<AbsBackward0>)
tensor([[1.5302, 1.5963],
        [1.8355, 1.8724],
        [1.5133, 1.9895],
        [1.2647, 1.2239],
        [1.4029, 1.5718],
        [2.4100, 0.5573],
        [1.6043, 1.6309],
        [1.5135, 1.2466],
        [1.3607, 1.7623],
        [1.1364, 1.0129],
        [2.0585, 1.4111],
        [1.3532, 1.2741],
        [1.4913, 1.0255],
        [1.7519, 1.9116],
        [0.9547, 1.5995],
        [1.1262, 1.1084]], device='cuda:0', grad_fn=<AbsBackward0>)
tensor([[1.3986, 1.2540],
        [1.6866, 1.0794],
        [1.6877, 2.3385],
        [1.1857, 1.3198],
        [1.5240, 1.4136],
        [1.3262, 1.4881],
        [1.2491, 1.3686],
        [2.0435, 1.8885],
        [1.7999, 1.5007],
        [2.0281, 1.5489],
        [1.7885, 1.2068],
        [1.2775, 0.5100],
        [1.9570, 0.6915],
        [1.6545, 1.9173],
        [1.2904, 1.6055],
        [1.4583, 1.3483]], device='cuda:0', grad_fn=<AbsBackward0>)
tensor([[1.6562, 1.3767],
        [1.6876, 1.0816],
        [1.6160, 1.1535],
        [1.4414, 0.5367],
        [1.5474, 1.2703],
        [1.2873, 1.9878],
        [1.2638, 1.8941],
        [2.1915, 1.7895],
        [2.0221, 1.9234],
        [1.4061, 0.3507],
        [1.1850, 1.5741],
        [1.6249, 1.6814],
        [1.9073, 1.7144],
        [1.8956, 1.8885],
        [1.6705, 1.3988],
        [1.1505, 1.1171]], device='cuda:0', grad_fn=<AbsBackward0>)
tensor([[1.3302, 0.7742],
        [1.1984, 1.4055],
        [1.3315, 1.0377],
        [1.5950, 1.1178],
        [1.1749, 1.0554],
        [1.4397, 1.7411],
        [1.3272, 0.6650],
        [1.4603, 0.9283],
        [1.5588, 1.3396],
        [1.3089, 1.3471],
        [1.5187, 0.7620],
        [1.3284, 1.7614],
        [0.9581, 0.8841],
        [1.5689, 1.5122],
        [1.4569, 2.1482],
        [1.0297, 1.1237]], device='cuda:0', grad_fn=<AbsBackward0>)
tensor([[1.6797, 1.2246],
        [1.7109, 1.2508],
        [1.1027, 1.2169],
        [1.4456, 1.2878],
        [1.3668, 0.9641],
        [2.3233, 0.6005],
        [1.1723, 0.9509],
        [1.7155, 1.4865],
        [1.2433, 1.2447],
        [2.0556, 1.6400],
        [1.5033, 0.7704],
        [1.6636, 1.4805],
        [1.6484, 0.9081],
        [1.8299, 1.1057],
        [1.5545, 0.7189],
        [1.5876, 0.9036]], device='cuda:0', grad_fn=<AbsBackward0>)
tensor([[2.2421, 0.8952],
        [1.1518, 1.1884],
        [1.5352, 0.8704],
        [1.4516, 0.6050],
        [1.4565, 1.3738],
        [1.7225, 1.7631],
        [1.8698, 1.8227],
        [1.2173, 0.5389],
        [1.8626, 1.7125],
        [1.3700, 0.8327],
        [1.3554, 1.6190],
        [1.2388, 1.1699],
        [1.2594, 1.2358],
        [1.2359, 0.9188],
        [1.1261, 1.6872],
        [1.6184, 1.3978]], device='cuda:0', grad_fn=<AbsBackward0>)
tensor([[1.5993, 1.6718],
        [1.9820, 0.3130],
        [1.0459, 1.5277],
        [1.6880, 1.2868],
        [1.4700, 1.3183],
        [1.2460, 1.1806],
        [0.3892, 1.2139],
        [1.2583, 0.9872],
        [1.2401, 0.6447],
        [1.8326, 1.1750],
        [1.3735, 1.0108],
        [1.2474, 1.4808],
        [1.2756, 0.7658],
        [1.2945, 0.6918],
        [1.3030, 0.5413],
        [1.2302, 1.5795]], device='cuda:0', grad_fn=<AbsBackward0>)
tensor([[1.1719, 1.0176],
        [1.7407, 0.8689],
        [1.6447, 1.3728],
        [1.3434, 1.3638],
        [1.6697, 1.9992],
        [2.1048, 1.7119],
        [1.5549, 0.8714],
        [1.5367, 1.2020],
        [1.3506, 1.1536],
        [1.4265, 1.1270],
        [1.8358, 2.5377],
        [1.3059, 1.4778],
        [0.9783, 1.4560],
        [1.0696, 0.3174],
        [1.2871, 0.9854],
        [0.9513, 2.2160]], device='cuda:0', grad_fn=<AbsBackward0>)
tensor([[1.7538, 1.3919],
        [1.8888, 1.5879],
        [1.1079, 0.9554],
        [1.3356, 0.7629],
        [0.6027, 1.4551],
        [1.3979, 1.1030],
        [1.3658, 1.3555],
        [1.7495, 1.5761],
        [2.0480, 1.4931],
        [1.4040, 0.8812],
        [1.7992, 1.9669],
        [1.7168, 0.5239],
        [1.7326, 1.2654],
        [2.0146, 2.1502],
        [1.3961, 1.2798],
        [1.4290, 0.3641]], device='cuda:0', grad_fn=<AbsBackward0>)
tensor([[1.7064, 0.9368],
        [2.1865, 0.8919],
        [1.8846, 0.8429],
        [1.5397, 1.6067],
        [1.8708, 1.4732],
        [1.8819, 1.2080],
        [1.3777, 1.1064],
        [1.4726, 0.8672],
        [1.8602, 1.6120],
        [1.9431, 0.8180],
        [1.3579, 1.9169],
        [1.1021, 1.9946],
        [1.2841, 1.7245],
        [1.2712, 1.5186],
        [1.6016, 0.4098],
        [1.5388, 1.4002]], device='cuda:0', grad_fn=<AbsBackward0>)
tensor([[2.0121, 1.7982],
        [1.2408, 2.5886],
        [2.0963, 1.6752],
        [1.6761, 1.4046],
        [1.4110, 0.6497],
        [0.7022, 1.2322],
        [1.0274, 2.7029],
        [1.3139, 1.4605],
        [1.2947, 1.9064],
        [1.3923, 1.0367],
        [1.2663, 1.2990],
        [1.3652, 1.8303],
        [1.0501, 1.0489],
        [1.6527, 0.7491],
        [1.1916, 1.2886],
        [1.7015, 0.7198]], device='cuda:0', grad_fn=<AbsBackward0>)
tensor([[1.1622, 1.2468],
        [0.9660, 1.8230],
        [1.6919, 0.3914],
        [1.5017, 1.0139],
        [0.8923, 1.0914],
        [1.7144, 2.8649],
        [1.3296, 1.7035],
        [1.5418, 1.8666],
        [1.0242, 1.3425],
        [1.2485, 1.6269],
        [1.5557, 1.3329],
        [0.8402, 1.5247],
        [1.1063, 1.3050],
        [1.3367, 2.8814],
        [1.4459, 1.2102],
        [1.3738, 1.7773]], device='cuda:0', grad_fn=<AbsBackward0>)
tensor([[1.6317, 1.8902],
        [2.2220, 2.0725],
        [1.5784, 1.1236],
        [1.5606, 2.4231],
        [0.7174, 2.3015],
        [1.1666, 1.3223],
        [1.9021, 1.4516],
        [1.4188, 1.6112],
        [1.0351, 1.9582],
        [1.7252, 2.1370],
        [1.3930, 1.3354],
        [1.1622, 1.2772],
        [1.9885, 1.7870],
        [1.9419, 0.5906],
        [1.4916, 0.8023],
        [1.2058, 1.5105]], device='cuda:0', grad_fn=<AbsBackward0>)
tensor([[1.5020, 0.7889],
        [1.6299, 1.9739],
        [1.2438, 1.8630],
        [1.9506, 2.2743],
        [1.6071, 0.9878],
        [1.7840, 2.1778],
        [1.5651, 1.2555],
        [1.4055, 1.9784],
        [1.4664, 1.5979],
        [0.7705, 1.9995],
        [1.0768, 1.4967],
        [2.0539, 1.3255],
        [1.1936, 1.4561],
        [1.1080, 1.6092],
        [0.9149, 1.8973],
        [1.5816, 1.3186]], device='cuda:0', grad_fn=<AbsBackward0>)
tensor([[1.3037, 1.1473],
        [1.2480, 1.4777],
        [1.7965, 1.6014],
        [1.1429, 2.2443],
        [1.8891, 0.5551],
        [0.9437, 1.7950],
        [1.4841, 1.3591]], device='cuda:0', grad_fn=<AbsBackward0>)
Timing: 11.071978569030762, Epoch: 2, training loss: 298.2223310470581, current learning rate 5e-06, 5e-06
tensor([[1.0183, 1.6536],
        [1.1410, 1.7467],
        [1.0232, 1.0830],
        [0.9944, 2.0184],
        [1.1400, 1.3762],
        [0.9222, 1.2631],
        [1.0081, 1.6869],
        [1.1497, 2.0769],
        [1.1674, 1.6987],
        [1.4204, 1.7560],
        [1.3554, 1.6783],
        [0.8968, 1.7150],
        [0.9875, 1.3084],
        [1.4008, 1.3717],
        [1.0735, 1.9026],
        [1.2631, 1.1235],
        [0.9757, 1.5680],
        [1.3249, 1.4151],
        [1.1854, 2.2771],
        [1.5492, 1.1462],
        [1.3902, 1.2036],
        [0.9465, 1.8890],
        [1.1727, 1.7829],
        [1.1633, 1.3792],
        [0.7003, 1.4420],
        [1.1461, 1.6313],
        [1.5736, 1.1856],
        [0.9416, 1.7478],
        [1.2106, 1.4532],
        [1.2528, 1.5071],
        [1.2841, 1.2443],
        [1.0793, 1.5161]], device='cuda:0')
tensor([[1.1628, 1.5781],
        [1.2588, 1.4640],
        [1.2681, 1.3116],
        [1.1937, 1.1281],
        [1.0922, 1.6587],
        [1.2267, 1.9054],
        [0.7725, 1.4997],
        [1.0451, 1.4098],
        [1.1915, 1.6960],
        [1.0017, 1.9970],
        [0.9323, 1.2720],
        [0.9738, 1.0800],
        [0.9249, 1.6112],
        [1.1445, 1.5261],
        [1.1747, 1.9214],
        [1.3197, 1.2250],
        [0.9622, 2.0191],
        [1.1503, 1.5540],
        [1.2951, 1.8708],
        [1.4267, 1.3708],
        [0.7886, 1.8223],
        [1.0231, 1.3065],
        [0.9991, 1.2583],
        [1.0847, 1.1561],
        [0.7374, 1.5617],
        [1.1887, 1.2047],
        [0.9288, 1.3903],
        [0.9207, 1.3571],
        [1.6399, 1.4336],
        [0.8279, 1.3988],
        [1.3247, 1.4738],
        [1.1250, 1.4984]], device='cuda:0')
accuracy:      0.594
precision:     0.556
recall:        0.938
f1:            0.698
===== Start training: epoch 3 =====
tensor([[1.3603, 1.0510],
        [1.8589, 2.0114],
        [1.4446, 0.6418],
        [1.3870, 1.2874],
        [0.9674, 1.8213],
        [1.3881, 0.7121],
        [1.3564, 1.2426],
        [0.9350, 1.4922],
        [1.0954, 1.3829],
        [1.2211, 1.8435],
        [1.0445, 1.2182],
        [1.2655, 2.1229],
        [1.0827, 0.7854],
        [1.5937, 0.7682],
        [1.5590, 1.0626],
        [0.7115, 1.1314]], device='cuda:0', grad_fn=<AbsBackward0>)
tensor([[1.0326, 1.8324],
        [1.2023, 1.4111],
        [1.6135, 2.0463],
        [1.7143, 2.4847],
        [1.9331, 1.8074],
        [1.5306, 1.1300],
        [1.6481, 1.9718],
        [1.3524, 1.6990],
        [1.1378, 2.3028],
        [1.7915, 0.7748],
        [1.7335, 2.2414],
        [1.9824, 2.0190],
        [1.4645, 1.7127],
        [1.1866, 1.0833],
        [1.4369, 2.1394],
        [1.5496, 2.1062]], device='cuda:0', grad_fn=<AbsBackward0>)
tensor([[1.2545, 0.4403],
        [0.6502, 2.1909],
        [1.7489, 1.8814],
        [0.8458, 1.8807],
        [1.1317, 2.0209],
        [1.1655, 1.1901],
        [1.5871, 1.3669],
        [0.9998, 1.3278],
        [1.1862, 1.5367],
        [0.6194, 1.2773],
        [1.3345, 1.1471],
        [1.4753, 2.3749],
        [0.9434, 1.5719],
        [1.2365, 1.8346],
        [0.8817, 2.6605],
        [1.5848, 2.6835]], device='cuda:0', grad_fn=<AbsBackward0>)
tensor([[1.1492, 1.4044],
        [0.9089, 1.0845],
        [1.7333, 1.9439],
        [1.5204, 1.3946],
        [1.3995, 2.2101],
        [1.3859, 2.4336],
        [1.6657, 2.4558],
        [1.4475, 1.4074],
        [1.6471, 0.8118],
        [1.2908, 0.8369],
        [1.2382, 1.0547],
        [1.5689, 1.7387],
        [1.2479, 0.5436],
        [1.0520, 1.5031],
        [1.7580, 1.8533],
        [1.7130, 1.1140]], device='cuda:0', grad_fn=<AbsBackward0>)
tensor([[1.1196, 2.0227],
        [1.4548, 0.9017],
        [1.6409, 1.7749],
        [1.0697, 1.6078],
        [1.3591, 1.7560],
        [0.9806, 2.1391],
        [1.0566, 1.3269],
        [1.3894, 1.4733],
        [0.7571, 1.8250],
        [1.1961, 1.8104],
        [1.1445, 2.6107],
        [1.8947, 2.1622],
        [1.7382, 1.3852],
        [1.0116, 1.2850],
        [1.5519, 1.1985],
        [0.8462, 1.9297]], device='cuda:0', grad_fn=<AbsBackward0>)
tensor([[0.8327, 1.6101],
        [1.0964, 0.7766],
        [1.4242, 0.9235],
        [1.3045, 0.9895],
        [1.7100, 1.2526],
        [1.1241, 1.7258],
        [1.7481, 1.5027],
        [0.8212, 1.2257],
        [1.5635, 0.6290],
        [1.1822, 1.4119],
        [1.2926, 1.6984],
        [1.0906, 2.3558],
        [1.2474, 1.6556],
        [1.4198, 2.6374],
        [1.7387, 1.6044],
        [1.0710, 2.7552]], device='cuda:0', grad_fn=<AbsBackward0>)
tensor([[1.4851, 1.7067],
        [1.4155, 0.8849],
        [1.1350, 2.0033],
        [1.7130, 0.7642],
        [1.4883, 2.1022],
        [1.3829, 1.4241],
        [1.0692, 1.2342],
        [1.4659, 1.6466],
        [0.9112, 1.0554],
        [1.7313, 1.3289],
        [1.5790, 0.9616],
        [1.6810, 1.1311],
        [1.4364, 1.2648],
        [1.8415, 1.3322],
        [1.5181, 1.2592],
        [1.8817, 1.8900]], device='cuda:0', grad_fn=<AbsBackward0>)
tensor([[1.2313, 0.7937],
        [1.2028, 1.3945],
        [1.6629, 1.7249],
        [1.7558, 0.3177],
        [1.4732, 0.7676],
        [1.4274, 2.1771],
        [1.4057, 1.1185],
        [1.1104, 1.5424],
        [1.5129, 1.2936],
        [1.5216, 1.8011],
        [1.4403, 1.5422],
        [1.5700, 1.0278],
        [1.8862, 1.4571],
        [1.8007, 1.3746],
        [1.5800, 1.1370],
        [1.6324, 1.3065]], device='cuda:0', grad_fn=<AbsBackward0>)
tensor([[2.0070, 0.8059],
        [1.0274, 1.1299],
        [1.9022, 1.9626],
        [1.2907, 1.4880],
        [1.7529, 1.6485],
        [1.4266, 0.7482],
        [1.4956, 1.3070],
        [1.1885, 0.9656],
        [1.4715, 1.4966],
        [1.3025, 1.5344],
        [1.4356, 1.1101],
        [1.8608, 1.3795],
        [1.5869, 0.6915],
        [1.2754, 1.5012],
        [1.4332, 1.3097],
        [1.8979, 1.4161]], device='cuda:0', grad_fn=<AbsBackward0>)
tensor([[1.4605, 1.1982],
        [1.6520, 1.2879],
        [1.8790, 0.9149],
        [2.0214, 1.7183],
        [1.3088, 1.0603],
        [1.4334, 1.6291],
        [1.4322, 0.6561],
        [1.2553, 0.5540],
        [1.4804, 1.0163],
        [1.8958, 1.5706],
        [1.9352, 1.3473],
        [1.8324, 1.4756],
        [1.1052, 1.6169],
        [1.0316, 0.8856],
        [2.0380, 1.2479],
        [1.1786, 1.2896]], device='cuda:0', grad_fn=<AbsBackward0>)
tensor([[1.8344, 1.1646],
        [1.5867, 2.0591],
        [1.6215, 1.2427],
        [1.8923, 1.8736],
        [1.6577, 1.1763],
        [1.3452, 1.0463],
        [1.3377, 1.2738],
        [1.6807, 1.7257],
        [2.0302, 1.9030],
        [2.1116, 1.5299],
        [1.7982, 2.1034],
        [1.6809, 1.3996],
        [2.2540, 1.1303],
        [3.0217, 2.0942],
        [1.7214, 1.2655],
        [1.1446, 1.4236]], device='cuda:0', grad_fn=<AbsBackward0>)
tensor([[2.3977, 1.5034],
        [1.9299, 0.9370],
        [2.4022, 1.6042],
        [1.5785, 0.8449],
        [1.8462, 0.8059],
        [0.5972, 0.9018],
        [2.1095, 1.1282],
        [1.6858, 1.2294],
        [1.5005, 0.9603],
        [1.9013, 1.7172],
        [1.8016, 0.9041],
        [1.6050, 1.1832],
        [2.0480, 0.7599],
        [1.6673, 1.2533],
        [1.3933, 1.5022],
        [2.2375, 1.3984]], device='cuda:0', grad_fn=<AbsBackward0>)
tensor([[1.3089, 1.3960],
        [1.7679, 1.6648],
        [1.1918, 1.3304],
        [1.7843, 1.3492],
        [1.7839, 0.9017],
        [1.3589, 0.9594],
        [1.0076, 1.3588],
        [1.5917, 1.1483],
        [1.2227, 1.1912],
        [0.9466, 1.3613],
        [1.0274, 0.4296],
        [1.3326, 1.3737],
        [1.5348, 0.8095],
        [1.6433, 0.9244],
        [2.1097, 1.1295],
        [2.0404, 0.8852]], device='cuda:0', grad_fn=<AbsBackward0>)
tensor([[1.4343, 1.4436],
        [1.3632, 1.6120],
        [1.9113, 1.4369],
        [1.9696, 1.4067],
        [1.3998, 0.9841],
        [2.1263, 1.2616],
        [1.7352, 1.2934],
        [1.7053, 1.4995],
        [1.4121, 1.2024],
        [1.8530, 0.9340],
        [1.4608, 1.3737],
        [1.2853, 1.8039],
        [1.3393, 1.3765],
        [1.5589, 1.3957],
        [2.4455, 1.3534],
        [1.5041, 1.2392]], device='cuda:0', grad_fn=<AbsBackward0>)
tensor([[1.1311, 1.1515],
        [0.9798, 1.5342],
        [1.2238, 0.9556],
        [1.4843, 0.9043],
        [1.1694, 1.3145],
        [2.9164, 1.3546],
        [1.2297, 1.1099],
        [1.9629, 1.3056],
        [1.2917, 1.5854],
        [2.2505, 1.3616],
        [1.4654, 1.2458],
        [1.6870, 1.6379],
        [1.3137, 1.2423],
        [1.1153, 0.6910],
        [1.6167, 0.8803],
        [1.4120, 1.2716]], device='cuda:0', grad_fn=<AbsBackward0>)
tensor([[1.5114, 0.7467],
        [1.2490, 1.6627],
        [1.5188, 1.2196],
        [1.2166, 1.4863],
        [1.3744, 1.2016],
        [1.2147, 1.5422],
        [1.7500, 0.7170],
        [1.1112, 1.0523],
        [1.3013, 1.1743],
        [1.6332, 1.3926],
        [2.1768, 0.8274],
        [1.4221, 1.0655],
        [2.2998, 1.1083],
        [1.3574, 1.1078],
        [1.1028, 1.2403],
        [0.9924, 1.2337]], device='cuda:0', grad_fn=<AbsBackward0>)
tensor([[1.9466, 1.5011],
        [1.7596, 1.3389],
        [1.2410, 1.5691],
        [1.6119, 0.8592],
        [1.7377, 1.2704],
        [1.5340, 1.3878],
        [1.4304, 1.7728],
        [1.7960, 1.3742],
        [1.4287, 1.2439],
        [1.3868, 1.1617],
        [1.0934, 1.3194],
        [1.6920, 1.3614],
        [1.8086, 1.7795],
        [1.5781, 1.3397],
        [1.2567, 1.4511],
        [1.0517, 1.0354]], device='cuda:0', grad_fn=<AbsBackward0>)
tensor([[1.0993, 1.0598],
        [1.1147, 1.5073],
        [2.0950, 2.0144],
        [1.1134, 1.5389],
        [1.2269, 1.2492],
        [1.5216, 1.6690],
        [1.2651, 0.9005],
        [2.1435, 0.5867],
        [0.9008, 0.4388],
        [0.9743, 2.0860],
        [0.9550, 1.9025],
        [1.5887, 1.5129],
        [1.3773, 0.8979],
        [1.6646, 1.4154],
        [1.4938, 1.3170],
        [1.6376, 1.5694]], device='cuda:0', grad_fn=<AbsBackward0>)
tensor([[1.0217, 1.7751],
        [2.5048, 1.6336],
        [1.6245, 1.8864],
        [0.7809, 1.5591],
        [1.2150, 1.6315],
        [2.0315, 1.3052],
        [1.8669, 1.2355],
        [1.4886, 1.4459],
        [1.2568, 2.0344],
        [1.0112, 2.1696],
        [1.5137, 1.2343],
        [2.6341, 1.1583],
        [0.6919, 1.4437],
        [1.5541, 1.1765],
        [1.3899, 1.3694],
        [1.2695, 1.2021]], device='cuda:0', grad_fn=<AbsBackward0>)
tensor([[1.1022, 1.5219],
        [1.8128, 2.1478],
        [0.9668, 2.0960],
        [1.3141, 1.5632],
        [2.0059, 1.2725],
        [1.0997, 1.4489],
        [1.2267, 1.6544],
        [1.3386, 1.1797],
        [0.8325, 2.1204],
        [1.7867, 1.0552],
        [1.1566, 1.3724],
        [1.2406, 1.3702],
        [1.5139, 1.3583],
        [1.1885, 1.6398],
        [1.7494, 1.1662],
        [0.8752, 1.7506]], device='cuda:0', grad_fn=<AbsBackward0>)
tensor([[1.1640, 1.7535],
        [0.8118, 1.3224],
        [2.1376, 1.0949],
        [1.4118, 1.6148],
        [1.2443, 1.5644],
        [2.5783, 0.8436],
        [1.3406, 1.5475],
        [1.1478, 1.9140],
        [0.8967, 1.8531],
        [1.0110, 1.8273],
        [0.9804, 1.7450],
        [0.8802, 1.6779],
        [1.3519, 1.2189],
        [1.2478, 0.9440],
        [1.8536, 1.3789],
        [1.6986, 1.7362]], device='cuda:0', grad_fn=<AbsBackward0>)
tensor([[2.2807, 1.4920],
        [1.9752, 0.9762],
        [0.9674, 2.1181],
        [1.1949, 1.7785],
        [1.7602, 2.4745],
        [1.1572, 2.1498],
        [0.8249, 1.1302],
        [1.3295, 1.2674],
        [1.1342, 1.8768],
        [1.0263, 1.2884],
        [0.9070, 1.9894],
        [1.9526, 1.9958],
        [1.4438, 1.0922],
        [1.6568, 1.8088],
        [1.8409, 1.5738],
        [1.1463, 2.2459]], device='cuda:0', grad_fn=<AbsBackward0>)
tensor([[2.5384, 1.1494],
        [1.1448, 1.1583],
        [0.5898, 1.9040],
        [1.6690, 1.4966],
        [0.6835, 1.4724],
        [1.1225, 0.9659],
        [1.3779, 2.0328],
        [1.7116, 1.8043],
        [0.2082, 2.2740],
        [1.5734, 1.7738],
        [1.6444, 1.4830],
        [0.9219, 1.2681],
        [3.3659, 0.2047],
        [1.3520, 2.0997],
        [1.5910, 1.8763],
        [1.8138, 1.2752]], device='cuda:0', grad_fn=<AbsBackward0>)
tensor([[1.2789, 1.4880],
        [1.2878, 1.3980],
        [1.9397, 0.6874],
        [0.9612, 1.8747],
        [0.8596, 2.3301],
        [1.2567, 1.8798],
        [0.7295, 1.9536],
        [0.8996, 1.7869],
        [1.3029, 1.5118],
        [1.0145, 2.2528],
        [1.5844, 1.4497],
        [1.5585, 2.2122],
        [0.9121, 1.9883],
        [1.4485, 1.4679],
        [0.6580, 2.1375],
        [1.2450, 1.3910]], device='cuda:0', grad_fn=<AbsBackward0>)
tensor([[1.1057, 1.4586],
        [1.9555, 1.7044],
        [3.7319, 0.4259],
        [1.4093, 1.4109],
        [1.7179, 1.5236],
        [1.3391, 1.6125],
        [1.1427, 1.4740],
        [1.2220, 1.8248],
        [0.6406, 1.9741],
        [1.7761, 1.7040],
        [1.8986, 1.3950],
        [0.9604, 1.5353],
        [1.0739, 1.5511],
        [1.9671, 0.9026],
        [1.7491, 1.6187],
        [0.4658, 1.7985]], device='cuda:0', grad_fn=<AbsBackward0>)
tensor([[1.1883, 2.0948],
        [1.7623, 1.3474],
        [1.2092, 1.0344],
        [1.2379, 1.8934],
        [0.8483, 1.2184],
        [2.1492, 1.4643],
        [0.9059, 1.3929],
        [2.5651, 1.1845],
        [0.6316, 1.6311],
        [1.2457, 1.0269],
        [1.0975, 1.4962],
        [1.1356, 1.2326],
        [1.1156, 1.1661],
        [2.8065, 0.2788],
        [2.2119, 1.6013],
        [1.0570, 1.9436]], device='cuda:0', grad_fn=<AbsBackward0>)
tensor([[1.6651, 1.4517],
        [1.3069, 1.9456],
        [0.9203, 0.2832],
        [2.3214, 1.1737],
        [0.7308, 0.5006],
        [1.6181, 1.3009],
        [2.2047, 1.1763],
        [1.0830, 1.5816],
        [1.3921, 0.8859],
        [1.9758, 1.9203],
        [1.4052, 1.2771],
        [1.4696, 1.3738],
        [1.7889, 0.9402],
        [1.5498, 1.5084],
        [1.6478, 1.8138],
        [1.2892, 1.8072]], device='cuda:0', grad_fn=<AbsBackward0>)
tensor([[1.0955, 1.3078],
        [1.1428, 1.0213],
        [0.9337, 2.0989],
        [1.7288, 1.5729],
        [2.0230, 1.2762],
        [1.4689, 0.4907],
        [1.5860, 0.6687],
        [1.5659, 1.6270],
        [1.1995, 1.5828],
        [0.8008, 1.9270],
        [1.5823, 0.8840],
        [1.2038, 0.8116],
        [2.5893, 0.9235],
        [0.7252, 1.6379],
        [1.0091, 1.6928],
        [1.0505, 1.7715]], device='cuda:0', grad_fn=<AbsBackward0>)
tensor([[0.4864, 1.5963],
        [0.9140, 1.6433],
        [1.2576, 1.3607],
        [2.2203, 1.0454],
        [1.3011, 0.7225],
        [2.4854, 1.1104],
        [1.8741, 2.0087],
        [2.0371, 1.4240],
        [1.1202, 1.1255],
        [1.1362, 1.6092],
        [1.3094, 0.8000],
        [1.8387, 1.6353],
        [1.0543, 1.2304],
        [1.6051, 1.6696],
        [1.9417, 1.1619],
        [1.2384, 1.0789]], device='cuda:0', grad_fn=<AbsBackward0>)
tensor([[2.1742, 1.4718],
        [1.3097, 1.4933],
        [0.9923, 1.3872],
        [1.3864, 1.6780],
        [1.6606, 1.3840],
        [1.1103, 1.9499],
        [1.4692, 1.5654],
        [1.9895, 1.6909],
        [1.7928, 1.1830],
        [1.9842, 1.2868],
        [0.7986, 1.1396],
        [1.4604, 1.1917],
        [1.3279, 1.0877],
        [0.9705, 0.9439],
        [1.9755, 1.9191],
        [2.2065, 0.8233]], device='cuda:0', grad_fn=<AbsBackward0>)
tensor([[1.6515, 1.6179],
        [1.5302, 1.3082],
        [1.3166, 1.1627],
        [2.1725, 0.7211],
        [1.5687, 1.0630],
        [1.1851, 1.4709],
        [2.5517, 0.8369],
        [1.8541, 1.5830],
        [0.4224, 2.5481],
        [1.5525, 1.7670],
        [1.6815, 1.6064],
        [1.1783, 1.6432],
        [1.1409, 2.2463],
        [1.7368, 1.1535],
        [0.6285, 1.6558],
        [1.3071, 1.1093]], device='cuda:0', grad_fn=<AbsBackward0>)
tensor([[1.0573, 1.6539],
        [0.9637, 1.4731],
        [2.5244, 0.9774],
        [0.6981, 2.3634],
        [1.8468, 1.3078],
        [0.7411, 1.7930],
        [2.4320, 1.4055],
        [1.5383, 1.1989],
        [2.0489, 1.0252],
        [1.7357, 1.6977],
        [2.3103, 1.4967],
        [1.4722, 1.8246],
        [1.5373, 1.0258],
        [1.6563, 0.9847],
        [1.6495, 0.8688],
        [1.3312, 1.7859]], device='cuda:0', grad_fn=<AbsBackward0>)
tensor([[1.1244, 1.9312],
        [1.2976, 1.5205],
        [1.3046, 1.4659],
        [1.7526, 1.4569],
        [2.3125, 2.0702],
        [1.1978, 0.1667],
        [1.4117, 0.7160],
        [1.3501, 1.3828],
        [1.4590, 1.1217],
        [1.9018, 2.2942],
        [1.9584, 0.9208],
        [1.2781, 1.6738],
        [2.3246, 1.5989],
        [1.2913, 1.1611],
        [1.4600, 1.7446],
        [1.8793, 1.0484]], device='cuda:0', grad_fn=<AbsBackward0>)
tensor([[1.4043, 1.9723],
        [1.2590, 1.4679],
        [1.3176, 1.0956],
        [1.3104, 1.5762],
        [1.4788, 1.3591],
        [2.6333, 1.3970],
        [1.4898, 1.8143],
        [1.8889, 1.5367],
        [1.5098, 1.7081],
        [1.1039, 1.1824],
        [1.8264, 1.2392],
        [1.2714, 1.4771],
        [1.2956, 1.0153],
        [1.8285, 1.4714],
        [2.1230, 1.4954],
        [1.5441, 1.5430]], device='cuda:0', grad_fn=<AbsBackward0>)
tensor([[1.6956, 1.5155],
        [1.8618, 0.5375],
        [1.5003, 1.0944],
        [1.6642, 1.6880],
        [1.5288, 2.3404],
        [1.8740, 2.1772],
        [1.5066, 1.7615],
        [1.1524, 1.6585],
        [1.8528, 1.9300],
        [1.8121, 1.3252],
        [1.9083, 1.1815],
        [1.7448, 1.4126],
        [1.5412, 2.3786],
        [1.2576, 1.3553],
        [1.6952, 1.1719],
        [1.0259, 1.8517]], device='cuda:0', grad_fn=<AbsBackward0>)
tensor([[1.8663, 1.5989],
        [1.5376, 1.7057],
        [2.0757, 1.4669],
        [1.3187, 1.3398],
        [1.3648, 0.6861],
        [2.4210, 1.0125],
        [1.7366, 0.9719],
        [2.1770, 1.0658],
        [1.6652, 1.7549],
        [2.0513, 1.9485],
        [1.9930, 2.1853],
        [1.3980, 1.7609],
        [1.4340, 0.6883],
        [2.4490, 1.3869],
        [1.4203, 1.7652],
        [2.2920, 1.3155]], device='cuda:0', grad_fn=<AbsBackward0>)
tensor([[1.3330, 1.6722],
        [1.7773, 1.0051],
        [1.5352, 0.3880],
        [1.3262, 1.3193],
        [0.6473, 2.5797],
        [2.2697, 0.7700],
        [1.9118, 1.3088]], device='cuda:0', grad_fn=<AbsBackward0>)
Timing: 11.071181297302246, Epoch: 3, training loss: 297.4343647956848, current learning rate 5e-06, 5e-06
tensor([[1.6955, 1.1077],
        [1.8285, 1.1062],
        [1.9590, 0.2218],
        [1.6370, 1.3647],
        [1.5715, 1.2749],
        [1.3744, 0.9336],
        [1.8317, 0.9852],
        [1.8356, 1.4626],
        [1.7497, 1.2559],
        [1.4655, 1.9249],
        [1.9160, 1.3310],
        [1.2692, 1.2361],
        [1.2528, 1.3361],
        [1.8997, 1.0745],
        [1.4739, 1.6334],
        [1.8968, 0.7011],
        [1.4188, 1.2352],
        [1.8324, 1.1586],
        [1.5997, 1.9442],
        [2.0203, 1.0916],
        [1.7255, 1.3297],
        [1.3957, 1.7487],
        [1.7435, 1.4486],
        [1.7660, 0.8796],
        [0.9378, 1.4118],
        [1.5893, 1.3549],
        [2.1307, 0.9124],
        [1.5153, 1.2895],
        [1.8001, 0.7490],
        [1.6125, 1.4464],
        [1.5923, 1.2846],
        [1.7436, 0.9929]], device='cuda:0')
tensor([[1.4573, 1.1848],
        [1.5285, 1.4181],
        [1.8219, 0.8542],
        [1.3936, 1.2524],
        [1.5223, 1.4419],
        [1.8220, 1.4522],
        [1.3867, 1.0682],
        [1.7185, 0.8977],
        [1.7110, 1.4075],
        [1.5449, 1.5161],
        [1.2992, 1.1562],
        [1.6006, 0.6247],
        [1.7760, 0.9009],
        [1.6483, 1.2606],
        [1.5499, 1.7773],
        [1.7328, 1.1960],
        [1.2514, 1.9353],
        [1.5238, 1.3484],
        [1.8547, 1.6549],
        [1.7262, 1.2488],
        [1.1750, 1.6017],
        [1.3144, 1.0282],
        [1.4082, 0.9467],
        [1.5170, 0.9043],
        [0.9836, 1.4463],
        [1.8438, 0.4976],
        [1.3130, 1.1197],
        [1.4473, 1.1128],
        [1.8716, 1.5270],
        [1.1897, 1.4288],
        [1.7553, 1.1862],
        [1.6634, 1.1310]], device='cuda:0')
accuracy:      0.578
precision:     0.727
recall:        0.250
f1:            0.372
===== Start training: epoch 4 =====
